"","sexe_dente","Airesecteur1_dente","Airesecteur2_dente","Airesecteur3_dente","Airesecteur4_dente","Airesecteur5_dente","Airesecteur6_dente","Airesecteur7_dente","Airesecteur8_dente","CEJ_crete_dente","M_CEJ_dente","BC_dente","Echancrure1_dente","InclinaisonTable_dente","xBA_dente","yBA_dente","PositionyM_dente","PsitionxM_dente","MC_dente","MB_dente","SLaTaOsM_dente","SLaTaOs25_dente","SLaTaOs50_dente","SLaTaOs75_dente","SEpCoM_dente","SEpCo25_dente","SEpCo50_dente","SEpCo75_dente","SEpTaOs2mmC_dente","SEpTaOsTangM_dente","SEpCo2mmC_dente","SEpCo2mmM_dente","SEpTr2mmC_dente","SEpTr2mmM_dente","SEpTr25_dente","SEpTr50_dente","SEpTr75_dente","SEpTrM_dente","SSuToMa_dente","SPeToMa_dente","SSuTrPaAl_dente","SPeTrAl_dente","SSuToCo_dente","SPeToCo_dente","SSuToTr_dente","SPeToTr_dente","SSuCoAl_dente","SPeCoAl_dente","SSuMaPaAl_dente","SPeMaAl_dente","SSuMaPaBas_dente","SPeMaBas_dente","SSuCoBa_dente","SPeCoBas_dente","SSuTrPaBas_dente","SPeBaTr_dente","NGCoC_dente","NGCoB_dente","DiffNG_dente","NGCoApgauche_dente","NGCoApdroite_dente","NGTrabC_dente","NGTrabB_dente","NGTrabN_dente","VEVIApex_dente","LELIApex_dente","VEVIM_dente","LELIM_dente","VEVI2mmC_dente","LELI2mmC_dente","MVE_dente","MVI_dente","MLE_dente","MLI_dente","SSuApexC_dente","SSuApexM_dente","MApex_dente","CApex_dente","SLaTaOsAp_dente","SEpTrAp_dente","SEpCoAp_dente","surf_alv","surf_mand","surf_rac","surf_souche","haut_alv_mand","haut_alv","haut_mand","FM1_edente","FM2_edente"
"1","0","0.052","0.137","0.108","0.058","0.084","0.334","0.182","0.045",11,119,129,"0.989","9.534","50.840","84.944",101,55,81,48,54,45,53,55,23,19,23,25,41,53,4,22,37,31,26,30,30,31,6184,"322.062",2395,"244.267",3016,"606.667",3180,"293.865",1547,"336.066",3949,"257.397",2181,"181.740",1427,"227.581",754,"107.841","96.052","166.388","70.336","152.962","172.963","109.744","95.036","96.955",12,11,9,11,0,3,26,17,26,15,2974,918,18,63,56,31,25,0.121043302101798,0.118046571798189,0.203093476798924,-0.125272331154684,0.0854418775210855,0.283950617283951,0.217054263565891,149,384
"2","1","0.092","0.134","0.064","0.045","0.258","0.233","0.099","0.075",0,63,108,"0.921","44.620","66.630","101.885",126,113,63,45,64,55,82,75,24,14,28,29,29,67,21,26,8,41,41,54,46,40,5866,"517.110",2329,"225.764",2489,"593.199",3377,"269.397",1527,"150.000",3856,"276.350",1946,"187.439",938,"235.421",1008,"129.983","233.926","181.433","-52.493","168.127","187.028","104.795","94.711","95.769",13,15,14,11,11,8,30,16,35,24,1661,2107,29,34,85,55,30,0.133558091286307,0.053017388339584,0.222757375075256,0.0602752728998576,0.043956043956044,0.0793650793650794,0.037037037037037,197,451
"3","1","0.045","0.131","0.114","0.069","0.146","0.307","0.138","0.049",43,101,94,"0.996","17.078","49.829","70.589",80,56,57,37,47,36,51,52,38,28,30,34,30,48,25,40,5,8,8,21,18,9,3813,"240.227",701,"123.640",2935,"405.900",878,"165.581",1712,"299.764",2413,"194.125",1353,"145.841",1185,"176.368",168,"55.941","168.894","222.552","53.658","206.767","239.659","118.861","104.251","164.931",13,25,12,25,12,11,26,14,20,-5,2318,143,2,55,48,8,40,-0.064235391628678,-0.0705481248360871,-0.0612597066436583,0.0629370629370629,0,0,0,275,493
"4","1","0.054","0.131","0.144","0.036","0.041","0.333","0.188","0.072",15,94,132,"0.952","7.901","53.188","86.213",100,55,79,53,49,43,52,50,22,17,21,22,36,50,17,24,19,26,26,31,28,27,5668,"317.113",2045,"207.782",3084,"544.812",2584,"227.613",1521,"374.492",3563,"246.267",2056,"180.569",1545,"210.267",490,"79.698","130.582","194.705","64.124","149.512","185.606","110.132","118.893","111.529",6,12,8,11,9,6,18,10,28,17,2149,1362,28,51,52,33,19,0.385068762278978,0.210479887085392,0.603071195905072,0.052129221732746,0.202189531303455,0.329113924050633,0.159090909090909,193,442
"5","0","0.064","0.150","0.076","0.019","0.029","0.352","0.262","0.048",11,129,152,"0.962","8.790","54.796","93.807",120,54,98,52,49,50,52,47,19,21,25,20,45,48,15,18,30,30,29,27,27,27,7270,"364.901",2770,"261.154",3700,"675.368",3572,"313.341",2018,"454.451",4696,"293.539",2104,"178.083",1653,"235.095",773,"113.012","133.101","216.653","83.553","207.445","212.663","112.089","97.775","119.095",11,11,5,14,5,8,16,10,31,19,1734,2901,60,38,52,30,22,0.31984667802385,0.214030261348006,0.275663206459054,0.324370906583937,0.108742004264392,0.214285714285714,0.118421052631579,132,373
"6","0","0.056","0.285","0.201","0.023","0.045","0.222","0.141","0.028",32,91,126,"0.934","6.357","42.631","86.826",81,42,59,67,35,33,33,35,16,16,21,27,32,35,16,17,16,18,-16,-21,-27,19,4414,"300.324",722,"148.569",2814,"532.871",1600,"233.228",1184,"290.995",1906,"89",4414,"300.324",1614,"284.409",859,"123.941","141.117","180.678","39.561","150.891","93.670","113.951","95.183","122.781",13,9,8,10,12,12,15,7,20,10,972,890,27,32,33,11,22,-0.0713536201469045,-0.0167648391481649,0.0051440329218107,-0.21123595505618,-0.0322033898305085,0.0169491525423729,0.0476190476190476,211,460
"7","0","0.082","0.173","0.083","0.028","0.088","0.231","0.224","0.092",18,94,136,"0.957","13.261","67.842","84.438",96,65,76,60,66,75,80,76,28,27,33,35,35,68,24,30,27,38,48,47,41,37,8075,"365.273",2992,"243.297",3815,"667.536",4404,"308.558",2225,"418.735",5079,"289.681",2930,"222.468",1556,"291.380",1374,"144.912","132.018","183.148","51.129","148.965","190.026","141.719","151.425","90.223",13,18,11,15,8,8,25,14,38,23,2695,2306,32,44,80,45,35,0.34061823193542,0.243467492260062,0.596289424860853,0.0494362532523851,0.151542649727768,0.276315789473684,0.147058823529412,235,455
"8","1","0.125","0.207","0.066","0.033","0.091","0.186","0.189","0.104",19,77,111,"0.982","19.072","60.041","78.923",83,54,58,53,65,53,65,69,39,21,26,34,47,66,24,37,23,29,32,39,35,26,5854,"296.339",1745,"168.125",3386,"518.459",2468,"228.208",1552,"321.764",3297,"229.297",2492,"206.125",1795,"263.037",697,"108.912","180.158","213.191","33.032","180.832","223.203","112.541","94.238","103.117",11,16,18,17,13,10,26,8,36,20,2001,1223,19,39,68,36,30,0.248407643312102,0.175948069695934,0.421789105447276,-0.0220768601798855,0.121906693711968,0.327586206896552,0.234234234234234,217,445
"9","1","0.051","0.159","0.193","0.091","0.126","0.208","0.120","0.052",-2,54,132,"0.989","7.272","58.253","85.812",85,65,64,68,71,50,64,71,20,21,20,23,44,72,36,21,8,51,29,44,48,51,7302,"331.919",2198,"196.125",3391,"602.229",3911,"270.451",1462,"337.664",3660,"243.539",3571,"243.196",1909,"314.350",1662,"171.154","166.701","187.291","20.590","160.579","186.378","128.373","98.007","87.336",9,10,10,11,9,14,42,32,30,19,1489,2109,30,33,65,44,21,-0.194535519125683,-0.0787455491646124,-0.345198119543318,-0.0881934566145093,-0.115277777777778,-0.140625,-0.0227272727272727,220,463
"10","1","0.097","0.227","0.098","0.033","0.134","0.250","0.105","0.056",36,99,126,"0.943","25.545","76.144","81.451",84,78,63,63,61,56,63,65,23,14,19,22,50,63,44,26,6,37,42,44,43,38,6733,"344.635",2138,"210.995",3126,"638.646",3607,"295.321",1497,"383.747",3635,"248.752",3037,"224.953",1606,"304.936",1431,"155.983","135.379","216.592","81.214","187.171","191.990","83.731","87.907","82.297",9,9,10,13,0,-1,28,18,34,21,1493,2081,33,30,64,46,18,0.178817056396149,0.127135006683499,0.395177494976557,0.0288322921672273,0.0175438596491229,0.111111111111111,0.0952380952380952,214,434
"11","1","0.052","0.234","0.170","0.054","0.103","0.273","0.083","0.032",13,99,120,"0.914","16.415","54.625","79.906",79,59,60,60,45,40,45,46,19,17,19,26,40,45,33,23,7,22,-17,-19,-26,26,4881,"312.671",1083,"167.681",2875,"523.228",2006,"239.058",1292,"341.463",2375,"107",4881,"312.671",1564,"264.551",897,"124.426","162.222","210.470","48.249","148.334","84.694","157.939","114.086","110.772",11,6,10,10,26,5,25,15,22,12,1144,1183,27,33,44,27,17,0.334736842105263,0.232534316738373,0.693181818181818,0.00084530853761623,0.149425287356322,0.383333333333333,0.275,223,456
"12","0","0.060","0.146","0.095","0.030","0.069","0.377","0.184","0.040",10,155,149,"0.951","13.620","64.314","128.714",150,69,92,57,54,65,63,55,20,45,38,21,53,54,53,20,0,34,20,25,34,34,7798,"372.067",1951,"228.853",4734,"667.053",3064,"294.936",3231,"452.191",5182,"293.338",2562,"197.882",1483,"260.794",1079,"130.912","135.325","168.236","32.911","148.926","154.420","97.938","97.309","61.723",19,14,9,10,30,0,24,15,27,17,2945,2176,40,52,60,25,35,0.305094558085681,0.252885355219287,0.488964346349745,0.0579044117647059,0.00147106897678985,0.108695652173913,0.10738255033557,192,426
"13","1","0.099","0.180","0.100","0.030","0.084","0.226","0.174","0.107",11,68,106,"0.972","17.163","58.846","82.391",88,56,57,49,56,50,64,64,29,15,27,32,45,58,14,29,31,29,35,37,32,27,5198,"285.872",1735,"172.083",2871,"492.070",2383,"215.157",1332,"300.309",3039,"222.711",2103,"184.569",1482,"231.095",621,"100.527","161.223","204.550","43.327","159.502","227.457","114.242","186.165","133.494",11,14,11,18,9,4,21,10,36,18,1345,1623,27,30,64,37,27,0.177690029615005,0.0230858022316275,0.476579925650558,-0.0671595810227973,0.159581646423752,0.175438596491228,0.0188679245283019,250,492
"14","0","0.072","0.108","0.066","0.026","0.119","0.311","0.221","0.077",19,92,115,"0.977","18.748","62.724","72.047",92,65,73,42,56,66,74,73,22,29,37,50,58,59,33,50,25,9,37,37,23,34,6636,"314.059",2367,"190.652",3754,"548.283",2882,"234.670",2427,"443.505",4794,"266.267",1786,"169.154",1305,"194.953",450,"39.799","85.115","161.707","76.592","122.941","164.238","78.353","90.146","102.907",8,13,8,15,11,18,21,13,36,21,4679,0,2,71,58,34,24,0.284522319566124,0.152200120554551,0.297499465697799,NA,0.140722291407223,0.26027397260274,0.139130434782609,149,413
"15","0","0.042","0.177","0.096","0.013","0.050","0.438","0.155","0.028",38,120,136,"0.886","15.492","69.204","142.243",161,75,82,54,33,54,52,41,20,27,28,26,37,32,26,20,11,12,27,24,15,17,5268,"340.606",1462,"197.882",3174,"611.555",2094,"272.122",2052,"426.877",3514,"254.995",1721,"162.426",1102,"238.853",619,"102.426","139.754","159.269","19.515","146.097","147.428","100.062","106.367","87.308",13,15,7,14,0,-1,12,7,20,6,2113,1352,35,47,51,23,28,0.309334092202618,0.228739559605163,0.619025082820634,-0.161242603550296,0.106941838649156,0.317073170731707,0.235294117647059,274,487
"16","1","0.049","0.131","0.089","0.023","0.044","0.348","0.273","0.043",9,171,161,"0.894","7.637","67.654","120.147",147,69,108,53,46,60,63,58,16,25,22,22,16,47,16,18,0,29,35,41,36,30,7700,"404.398",3182,"250.225",3705,"692.527",4019,"299.713",2246,"474.978",5416,"323.581",2238,"181.154",1431,"234.167",807,"113.012","116.221","183.613","67.392","150.553","167.547","73.893","75.208","107.633",11,13,8,11,0,10,21,13,26,15,3178,2170,41,67,65,41,24,0.445531757754801,0.297922077922078,0.70862177470107,0.0658986175115207,0.195473251028807,0.37037037037037,0.217391304347826,226,493
"17","0","0.007","0.088","0.249","0.098","0.108","0.292","0.147","0.011",-14,91,145,"0.989","-1.835","46.606","89.986",NA,96,76,69,48,49,52,52,17,22,19,17,44,48,22,16,22,32,27,33,35,31,6578,"346.352",2193,"204.953",3278,"623.853",3300,"277.968",1450,"377.037",3643,"236.083",2887,"212.912",1811,"293.924",1076,"143.012","145.078","221.431","76.353","201.707","208.195","133.814","92.286","158.100",11,8,10,7,20,3,38,28,11,4,1343,2249,45,31,51,33,18,0.785890749382377,0.563545150501672,0.939687267311988,0.688750555802579,0.170480549199085,0.342105263157895,0.206896551724138,1,333
"18","1","0.067","0.128","0.062","0.018","0.061","0.359","0.238","0.068",11,104,140,"0.979","12.832","55.779","88.322",113,56,93,47,51,50,58,61,22,19,28,27,42,53,23,22,19,31,31,30,34,27,6793,"340.825",2591,"257.966",3529,"647.169",3264,"306.250",2296,"481.647",4887,"283.681",1855,"172.326",1211,"217.439",644,"103.113","79.340","168.202","88.862","137.975","160.463","66.866","63.251","59.448",14,15,9,12,15,9,19,10,33,21,2632,2099,35,55,60,30,30,0.17024759566196,0.0694832916237303,0.349164133738602,-0.0871843735111958,0.0921776245588114,0.150537634408602,0.0642857142857143,216,436
"19","1","0.059","0.183","0.172","0.055","0.043","0.202","0.238","0.049",33,149,139,"0.978","-0.552","53.923","99.159",106,53,85,54,48,27,33,39,24,16,16,20,21,47,21,23,0,24,11,17,19,26,5173,"320.072",1177,"174.326",3334,"553.050",1839,"232.853",1545,"363.723",2722,"237.397",2403,"187.740",1765,"242.510",638,"102.770","77.375","207.970","130.595","176.891","169.863","78.337","90.905","83.237",8,8,10,13,0,0,22,12,26,13,1293,1394,35,50,35,18,17,0.529757531227039,0.162381596752368,0.91337973704563,0.143472022955524,0.305771365149833,0.470588235294118,0.237410071942446,253,557
"20","1","0.039","0.137","0.211","0.068","0.100","0.242","0.164","0.038",11,89,131,"0.954","1.183","55.997","87.130",91,62,66,65,57,52,55,59,13,13,12,13,53,58,18,13,35,45,39,43,46,44,6679,"345.235",2548,"204.083",2701,"600.261",3978,"258.370",1058,"353.681",3606,"239.598",3016,"219.882",1630,"279.380",1386,"147.498","152.728","186.669","33.941","147.367","169.407","101.619","72.299","89.513",6,6,6,7,11,9,33,27,24,17,1737,1811,32,34,55,43,12,0.0773710482529118,0.0642311723311873,0.270005757052389,-0.101601325234677,0.0876099706744868,0.136363636363636,0.0534351145038168,119,378
"21","0","0.093","0.170","0.091","0.047","0.138","0.199","0.186","0.077",41,115,137,"0.939","20.439","76.452","160.973",169,77,74,63,85,79,86,86,28,70,24,24,40,86,40,27,0,59,9,62,62,57,9126,"387.245",3109,"240.953",4055,"686.690",5071,"301.174",2311,"439.120",5420,"314.166",3621,"257.338",1716,"321.806",1905,"180.468","124.212","156.356","32.144","125.881","162.812","121.148","77.839","103.798",38,39,15,15,10,17,43,23,43,30,796,4544,52,20,77,0,77,0.0819188191881919,0.086675432829279,-0.0703517587939698,0.106294014084507,-0.0345786963434022,-0.027027027027027,0.0072992700729927,183,419
"22","0","0.078","0.097","0.022","0.004","0.006","0.346","0.345","0.104",10,119,152,"0.950","14.051","63.894","132.279",171,58,109,43,50,63,69,58,20,30,61,27,48,51,21,25,27,26,33,8,31,29,7988,"376.185",3622,"308.936",3856,"683.684",4132,"308.872",2732,"255.965",6354,"329.723",1584,"160.569",1104,"190.752",591,"80.184","82.652","180.619","97.967","152.009","152.046","84.000","75.628","101.613",13,15,4,16,7,5,7,3,43,27,1855,4435,73,36,67,40,27,0.288794460182562,0.17864296444667,0.862533692722372,0.0482525366403608,0.129750982961992,0.238532110091743,0.125,197,431
"23","1","0.081","0.152","0.101","0.035","0.152","0.274","0.133","0.073",11,78,121,"0.949","24.835","68.565","78.160",88,73,67,54,64,59,74,77,21,17,19,22,51,66,15,20,36,46,42,55,55,43,6821,"328.564",3029,"221.338",2718,"587.673",4111,"264.873",1242,"359.404",4267,"259.723",2490,"204.468",1451,"250.894",1039,"130.426","183.518","207.742","24.225","168.548","207.684","161.930","99.727","104.239",8,10,9,10,4,9,28,19,34,24,1974,2213,31,36,75,56,19,0.299976564330912,0.120803401260812,0.828267477203647,-0.166290103931315,0.228517606144037,0.343283582089552,0.148760330578512,217,452
"24","0","0.040","0.169","0.164","*","0.051","0.347","0.177","0.022",7,110,152,"0.871","7.873","58.278","95.249",108,63,88,65,41,54,52,47,22,19,27,25,29,41,3,23,27,18,35,25,22,19,6724,"383.483",2131,"236.167",3804,"677.729",2925,"314.350",1858,"191.681",3994,"273.238",2689,"203.154",1914,"276.166",775,"111.012","90.570","185.950","95.380","169.689","170.928","72.881","101.487","103.532",13,14,10,14,5,3,21,11,22,8,3115,833,21,66,47,21,26,0.21256885327992,0.130874479476502,0.320706260032103,-0.177671068427371,0.0220588235294118,0.125,0.105263157894737,194,447
"25","1","0.086","0.191","0.090","0.037","0.103","0.296","0.142","0.056",4,67,109,"0.980","18.492","51.952","73.363",81,59,63,46,50,0,0,0,19,0,0,0,0,0,0,0,19,32,0,0,0,30,4574,"273.418",1633,"171.640",2154,"498.952",2420,"225.480",1068,"104.000",2701,"104",4574,"273.418",1066,"273.418",757,"111.255","136.244","115.093","-21.151","166.296","175.319","86.320","92.924","80.555",8,8,9,10,7,7,24,15,27,17,1498,1153,23,40,50,34,16,0.0925583117363939,-0.039790118058592,0.168891855807744,0.00520381613183001,0.111111111111111,0.111111111111111,0,214,434
"26","1","0.076","0.173","0.065","0.011","0.035","0.410","0.177","0.054",18,114,152,"0.943","16.898","67.251","94.221",116,69,96,56,46,53,56,52,16,12,19,20,32,46,8,17,24,29,41,37,32,30,6851,"370.561",3098,"263.622",2884,"657.091",3992,"306.569",1518,"475.345",4594,"295.037",2211,"182.912",1347,"241.581",864,"116.669","148.885","186.476","37.590","155.142","172.070","149.763","101.110","104.756",9,10,7,10,-2,7,14,7,32,22,2357,2182,44,52,55,36,19,0.0559425337396604,0.0462706174281127,0.194314806957997,-0.0893675527039413,0.0299295774647887,0.09375,0.0657894736842105,214,427
"27","1","0.036","0.198","0.224","0.045","0.046","0.280","0.140","0.031",17,102,144,"0.928","4.531","48.373","95.232",96,52,75,69,41,38,46,43,17,23,24,25,30,41,19,18,11,23,15,22,18,20,6021,"344.420",1256,"174.912",3341,"618.033",2680,"273.810",1716,"353.622",2972,"224.711",3008,"212.953",1608,"311.966",1400,"149.012","167.398","219.506","52.108","154.404","180.395","116.297","95.168","157.702",9,10,6,11,8,9,20,14,21,10,388,2545,60,15,37,14,23,-0.00302826379542396,-0.0327188174721807,0.695876288659794,-0.130451866404715,0.125970149253731,0.186666666666667,0.0694444444444444,201,453
"28","1","0.110","0.223","0.051","0.023","0.056","0.278","0.181","0.078",3,132,125,"0.977","17.134","54.014","119.529",128,50,71,54,53,38,46,53,21,13,21,29,34,53,9,21,25,32,25,25,24,32,5237,"305.753",1753,"203.297",2673,"562.299",2596,"257.904",1331,"327.865",3072,"231.297",2112,"190.468",1301,"248.309",811,"119.841","135.119","156.195","21.076","142.095","161.453","88.956","129.387","80.508",9,11,10,12,6,4,19,9,32,20,1184,1841,37,34,46,26,20,0.3330078125,0.274966583922093,0.745777027027027,0.0678978815860945,0.0761400083670338,0.253521126760563,0.192,217,445
"29","1","0.116","0.155","0.077","0.027","0.111","0.233","0.162","0.119",14,84,123,"0.963","24.804","69.199","80.514",90,66,70,53,72,57,81,83,17,23,22,22,33,75,18,20,15,55,34,59,61,55,7483,"333.714",3181,"233.622",2899,"601.634",4584,"268.465",1449,"395.245",4630,"271.622",2781,"216.953",1433,"260.593",1348,"153.640","73.261","144.472","71.211","150.693","177.248","74.511","61.914","71.880",9,13,7,9,-1,6,26,19,47,38,3037,1510,20,50,85,62,23,0.166522678185745,0.131631698516638,0.239380968060586,0.0291390728476821,0.0650065530799475,0.171428571428571,0.113821138211382,206,437
"30","0","0.113","0.151","0.034","0.007","0.032","0.266","0.285","0.111",27,113,139,"0.939","14.123","64.486","87.379",108,63,86,53,57,68,73,70,17,23,25,25,63,58,61,17,2,41,45,48,45,43,7859,"368.963",3289,"243.439",3426,"654.318",4433,"286.115",2132,"465.120",5421,"301.681",2381,"193.397",1277,"246.551",1104,"133.154","176.005","221.597","45.592","180.503","217.523","110.716","97.528","91.027",12,11,6,11,8,18,12,6,45,34,2569,2776,42,44,73,48,25,0.0488839697472791,-0.0164143020740552,0.131957960295835,-0.029178674351585,0.0561874045153626,0.0697674418604651,0.0143884892086331,189,429
"31","0","0.091","0.121","0.043","0.029","0.111","0.298","0.217","0.090",7,152,148,"0.994","21.849","75.829","130.529",154,76,92,56,82,78,90,92,26,26,33,31,62,84,42,27,20,57,-26,-33,-31,56,10439,"394.509",4601,"282.995",4380,"711.427",6059,"316.917",2811,"510.961",7412,"145",10439,"394.509",1543,"279.321",1402,"156.912","103.931","175.144","71.213","140.792","176.455","142.040","103.465","119.010",14,18,12,13,31,12,34,22,48,35,4641,2675,31,61,92,61,31,0.169320021586616,0.0706006322444679,0.288730876966171,-0.0310280373831776,0.107584893684545,0.173913043478261,0.0743243243243243,139,386
"32","1","0.063","0.210","0.179","0.055","0.061","0.177","0.188","0.066",11,97,142,"0.999","1.174","55.393","94.342",93,54,70,72,62,47,56,62,23,17,26,25,38,62,17,25,21,37,30,30,37,39,7373,"344.636",2124,"204.468",3736,"607.202",3639,"286.309",1471,"331.622",3600,"235.882",3711,"237.297",2235,"313.966",1476,"154.669","79.232","203.460","124.229","163.494","183.680","95.161","79.522","86.623",17,11,13,11,5,12,30,17,33,22,1375,2169,38,33,56,30,26,0.0911111111111111,0.0901939509019395,0.412363636363636,-0.109727985246657,0.0407530454042082,0.128571428571429,0.0915492957746479,217,550
"33","1","0.077","0.184","0.117","0.031","0.054","0.318","0.164","0.054",-11,147,153,"0.979","11.594","54.561","132.994",145,55,90,63,55,42,53,55,24,29,24,26,34,55,22,25,12,30,13,29,29,31,7280,"434.274",1905,"237.983",4138,"671.744",3142,"307.620",2360,"450.250",4265,"274.267",2960,"212.468",1754,"289.380",1206,"138.912","107.178","178.946","71.768","157.203","176.899","129.572","122.849","89.727",13,12,12,14,11,11,22,10,34,20,2107,2097,39,49,55,28,27,-0.149824150058617,-0.159340659340659,-0.135263407688657,-0.166428230805913,0.0170068027210885,0.0555555555555556,0.0392156862745098,201,454
"34","1","0.056","0.129","0.138","0.057","0.129","0.377","0.083","0.030",18,96,131,"0.921","20.433","70.859","128.596",142,82,78,53,55,47,56,57,20,18,18,23,46,52,24,19,22,33,29,38,34,35,6389,"349.894",2306,"214.853",3084,"616.916",3305,"267.431",1618,"416.576",3924,"269.723",2410,"193.297",1446,"248.794",964,"125.498","141.308","191.675","50.367","158.069","166.681","88.146","77.806","88.746",6,7,8,12,11,12,28,20,27,15,1312,2559,47,31,50,38,12,0.0805300713557594,0.151510408514635,0.0571646341463415,0.0918327471668621,-0.150514839491217,-0.115384615384615,0.0305343511450382,214,438
"35","0","0.149","0.160","0.028","0.016","0.117","0.275","0.141","0.115",11,90,136,"0.949","34.929","75.945","86.031",99,72,79,57,80,68,83,91,26,26,36,38,35,82,10,28,25,49,42,47,53,50,8994,"384.362",3421,"250.936",4220,"688.762",4834,"305.187",2426,"456.257",5768,"315.321",3146,"239.095",1768,"291.563",1364,"155.054","77.652","163.113","85.461","122.258","153.918","48.773","55.433","72.661",14,24,12,13,0,11,26,14,53,40,3298,2378,28,51,90,53,38,0.415915395284327,0.313653546808984,0.604912067919951,0.164423885618167,0.139240506329114,0.329113924050633,0.220588235294118,197,443
"36","1","0.020","0.214","0.207","0.058","0.072","0.302","0.117","0.009",-1,97,141,"0.919","6.911","48.623","97.554",99,54,75,66,38,39,38,37,17,26,22,30,24,37,24,17,0,20,13,16,7,18,5078,"341.240",867,"169.640",3347,"591.163",1749,"253.079",1664,"337.723",2522,"225.983",2518,"199.983",1657,"287.823",861,"129.841","169.385","205.104","35.719","183.211","159.884","144.837","81.885","125.899",13,10,12,5,7,16,25,13,12,7,1198,1284,36,39,38,15,23,0.204599524187153,0.226467113036629,0.468280467445743,-0.044392523364486,-0.00266666666666667,0.146666666666667,0.148936170212766,209,420
"37","1","0.082","0.180","0.147","0.040","0.087","0.235","0.154","0.074",27,102,115,"0.980","9.995","52.049","77.689",81,52,63,54,55,39,53,59,28,34,31,38,32,57,32,31,0,26,5,22,21,30,5233,"285.265",970,"138.225",3543,"482.196",1690,"196.752",1882,"298.836",2852,"212.610",2326,"192.569",1633,"246.510",693,"105.941","139.708","212.131","72.423","181.242","224.191","158.776","95.467","104.732",10,14,10,16,1,0,24,14,31,15,1087,1712,31,30,47,21,25,0.108695652173913,0.141792470858016,0.356025758969641,-0.0414719626168224,0.0507936507936507,0.174603174603175,0.130434782608696,225,427
"38","1","0.067","0.125","0.070","0.029","0.174","0.427","0.072","0.036",-8,71,119,"0.936","31.034","62.896","80.254",100,76,79,40,47,40,54,55,26,22,31,40,33,47,18,27,15,20,18,23,15,21,5253,"313.810",1418,"212.451",3385,"559.301",1868,"246.190",2272,"433.144",3690,"260.693",1516,"157.154",1087,"195.924",429,"80.770","132.464","215.116","82.652","184.883","226.384","119.605","127.501","151.428",23,15,14,13,11,8,22,8,25,12,2337,1296,26,53,58,18,40,0.244444444444444,0.229392727964972,0.466837826273,-0.141975308641975,0.056475170399221,0.278481012658228,0.235294117647059,259,440
"39","0","0.044","0.095","0.064","0.017","0.148","0.479","0.114","0.040",34,127,134,"0.877","26.866","69.809","83.718",113,84,93,41,42,62,69,70,19,19,35,46,19,43,14,20,5,23,43,34,24,20,6690,"367.370",2456,"256.451",3887,"646.048",2803,"279.782",2734,"525.487",5190,"317.037",1458,"148.184",1134,"175.640",324,"71.456","179.989","212.338","32.350","180.075","201.077","150.198","134.413","102.551",12,13,5,15,8,7,16,11,27,12,1683,3441,56,37,65,41,24,0.18131021194605,0.0813153961136024,0.755199049316696,-0.0988084859052601,0.145684651251308,0.279569892473118,0.156716417910448,199,424
"40","1","0.062","0.159","0.165","0.058","0.082","0.245","0.151","0.078",21,81,103,"0.971","6.673","46.707","76.576",80,48,58,45,47,20,47,49,15,14,19,20,15,48,15,16,0,32,6,28,29,36,3785,"249.931",1142,"138.669",1974,"431.953",1811,"182.024",938,"263.380",2080,"188.711",1658,"162.083",1021,"201.681",637,"103.598","109.007","130.049","21.043","144.935","174.701","68.596","65.867","54.282",7,10,7,8,0,0,23,16,25,17,1499,529,12,46,49,30,19,-0.0408653846153846,-0.0541611624834875,-0.0426951300867245,-0.0396975425330813,0.0598377281947261,0.0689655172413793,0.00970873786407767,225,438
"41","1","0.032","0.130","0.129","0.060","0.105","0.359","0.163","0.022",3,55,157,"0.957","6.970","57.100","96.897",117,66,96,61,60,57,60,58,27,20,25,22,52,61,32,26,20,35,37,35,36,29,8446,"389.685",3069,"242.083",4462,"682.925",3984,"294.604",2369,"479.238",5438,"305.154",2948,"215.882",2066,"270.309",882,"120.426","168.045","200.461","32.416","157.961","199.206","93.408","139.097","127.762",14,10,14,13,13,19,36,22,23,10,3129,2250,39,57,59,37,22,0.171018756895918,0.105138527113426,0.198785554490252,0.132,-0.100563417190776,-0.114583333333333,-0.0127388535031847,202,457
"42","1","0.023","0.129","0.154","0.057","0.117","0.381","0.117","0.020",-151,-61,153,"0.976","10.554","59.566","93.867",110,71,90,63,53,57,61,60,26,21,24,22,45,54,11,29,34,25,36,37,38,30,7837,"372.216",3021,"252.024",3804,"699.797",4061,"337.037",1937,"408.250",4947,"281.096",2837,"210.811",1824,"291.238",1013,"132.426","80.389","229.605","149.216","205.686","230.749","69.565","97.207","131.378",12,10,11,15,4,8,33,22,19,4,3387,1495,27,63,61,38,23,0.0578128158479887,0.00293479647824423,0.210215529967523,-0.278929765886288,0.0375000000000001,0.144444444444444,0.111111111111111,194,430
"43","1","0.086","0.201","0.101","0.047","0.093","0.274","0.142","0.056",21,86,110,"0.994","16.368","49.593","75.449",81,50,62,48,53,34,44,50,24,12,20,19,32,53,16,25,16,28,22,24,31,29,4562,"272.386",1379,"160.569",2393,"490.297",2169,"217.823",1169,"311.966",2548,"207.397",1961,"180.225",1200,"232.309",761,"110.083","124.311","133.788","9.477","175.557","174.878","82.551","89.788","78.796",14,10,12,11,9,8,26,14,27,16,2283,212,5,57,53,29,24,0.00941915227629513,-0.00679526523454625,0.00919842312746386,-0.150943396226415,0.0958436724565757,0.145161290322581,0.0545454545454545,213,433
"44","0","0.063","0.191","0.080","0.036","0.079","0.388","0.122","0.041",-38,68,142,"0.976","16.430","54.235","89.489",104,58,85,57,49,33,45,50,23,19,26,29,30,49,14,24,16,25,14,19,21,26,5610,"335.710",1517,"217.882",3484,"596.438",2126,"260.526",1988,"425.179",3505,"257.296",2056,"187.196",1473,"236.551",583,"99.355","152.129","232.257","80.128","176.386","216.254","84.334","115.250","153.020",16,13,15,10,8,7,25,10,25,15,1716,1738,35,49,47,20,27,0.137803138373752,0.192691622103387,0.0571095571095571,0.222094361334868,-0.0193419740777668,0.152941176470588,0.169014084507042,188,425
"45","1","0.029","0.110","0.129","0.060","0.171","0.386","0.087","0.029",3,76,119,"0.956","16.217","53.286","73.179",88,65,73,46,47,44,53,56,11,17,21,25,38,49,17,12,21,37,27,32,31,36,5158,"297.767",1998,"202.953",2200,"547.487",2958,"250.900",1438,"371.806",3436,"240.853",1675,"163.740",751,"217.338",924,"123.598","90.658","91.306","0.647","130.574","152.818","111.754","121.595","89.197",7,11,4,6,6,5,27,23,19,13,1954,1419,27,46,56,33,20,0.25174621653085,0.193098100038775,0.48157625383828,-0.0556730091613813,0.088525556046546,0.287671232876712,0.218487394957983,234,459
"46","0","0.060","0.133","0.066","0.029","0.082","0.370","0.214","0.046",16,100,130,"0.977","15.163","58.548","82.657",105,62,84,46,49,57,65,59,23,16,23,24,48,49,11,21,37,28,41,42,35,26,6524,"330.893",2939,"232.953",2993,"598.852",3531,"268.904",1673,"891.813",4612,"266.953",1863,"171.397",1297,"214.752",566,"95.355","112.226","225.065","112.839","184.118","212.136","117.117","137.601","131.571",12,12,11,9,7,6,22,11,26,17,2564,1983,36,48,65,39,26,0.248482220294883,0.219957081545064,0.454758190327613,-0.00958144225920323,0.0419501133786848,0.226190476190476,0.192307692307692,207,427
"47","0","0.080","0.175","0.082","0.011","0.044","0.399","0.157","0.052",29,118,149,"0.878","18.689","64.971","139.990",159,68,89,60,49,57,64,52,31,33,48,38,52,50,52,33,0,17,24,16,14,18,7490,"390.324",1125,"206.409",5772,"662.354",1718,"272.492",3722,"465.889",4847,"295.480",2594,"201.054",2019,"261.380",575,"98.326","113.993","172.686","58.693","149.457","146.738","99.325","85.546","86.087",16,26,10,22,-1,-1,15,5,35,13,1950,2833,52,37,62,21,41,0.224468743552713,0.0662216288384513,0.915897435897436,-0.247793858100953,0.183337900794738,0.325842696629214,0.174496644295302,204,441
"48","0","0.066","0.230","0.165","0.056","0.087","0.182","0.159","0.056",16,112,124,"0.965","7.219","53.060","120.346",117,53,55,69,57,55,58,57,24,32,22,26,54,57,54,23,0,34,23,36,31,33,6118,"323.564",1431,"156.426",3101,"567.250",3017,"244.410",1500,"307.096",2931,"218.669",3130,"225.882",1577,"316.794",1553,"158.912","141.196","155.949","14.753","118.644","152.840","83.903","61.115","102.731",11,10,9,13,1,-1,28,19,29,16,731,2140,38,17,56,36,20,-0.232343909928352,0.0585158548545276,-1.06155950752394,0.0425233644859813,-0.280581818181818,-0.290909090909091,-0.00806451612903226,192,405
"49","0","0.112","0.204","0.097","0.025","0.067","0.230","0.171","0.094",43,108,122,"0.965","17.807","66.310","80.241",NA,85,62,60,61,66,69,66,37,66,64,46,61,62,61,41,0,21,0,5,20,24,6978,"330.482",528,"108.326",5746,"510.477",1232,"179.823",3361,"312.250",3889,"249.924",3028,"214.225",2348,"280.551",680,"114.326","149.525","224.975","75.449","196.333","197.708","109.882","156.755","125.709",34,35,14,23,0,-2,18,4,41,18,1505,2316,36,26,69,0,69,0.0478272049370018,0.0196331327027802,0.134883720930233,-0.00690846286701209,0.0405225273260464,0.0483870967741935,0.00819672131147541,204,448
"50","1","0.027","0.179","0.168","0.066","0.067","0.285","0.188","0.020",-1,142,160,"0.904","2.706","72.899","137.052",148,77,92,68,50,48,41,45,23,26,28,29,45,50,32,21,13,29,22,13,16,27,7223,"387.582",1608,"248.409",4402,"721.853",2821,"355.463",2406,"454.735",4016,"275.983",3157,"221.539",1971,"324.836",1186,"157.297","99.001","153.281","54.281","155.436","170.683","84.561","83.775","94.511",13,9,9,10,15,18,29,21,18,7,2263,1703,38,54,41,13,25,0.149153386454183,0.1345701232175,0.333186036235086,-0.0927774515560775,-0.00241545893719806,0.0978260869565217,0.1,175,439
"51","0","0.109","0.220","0.085","0.043","0.096","0.214","0.142","0.091",9,133,141,"0.999","20.175","73.573","127.366",130,70,69,72,80,60,74,83,32,41,37,38,51,81,51,33,0,48,19,37,45,48,8828,"367.805",2123,"194.024",4769,"639.576",4059,"272.183",2627,"376.877",4750,"276.853",3998,"260.995",2110,"343.706",1888,"178.711","155.786","153.165","-2.621","131.279","164.342","109.216","113.491","89.009",15,22,15,16,1,-2,33,18,48,32,3497,1167,15,54,85,47,38,-0.0362105263157895,0.0552786588128681,-0.0546182442093223,0.0171379605826907,-0.0855978260869566,0.0144927536231884,0.0921985815602837,226,463
"52","0","0.073","0.149","0.118","0.058","0.209","0.220","0.114","0.059",13,78,125,"0.975","29.980","77.094","71.786",79,66,65,60,78,80,89,88,39,33,42,45,63,81,11,42,52,39,47,47,43,39,8420,"354.946",2742,"245.279",4395,"683.230",4025,"332.676",2275,"341.505",5018,"285.823",3324,"240.267",2080,"323.907",1244,"161.640","91.744","203.400","111.656","196.937","196.562","86.163","118.683","148.477",14,29,20,18,1,11,43,23,35,17,1977,2953,35,30,89,47,42,0.182144280589876,0.169002375296912,0.327263530601922,0.0883846935320014,0.0299523485364194,0.123076923076923,0.096,132,367
"53","1","0.092","0.153","0.079","0.038","0.113","0.273","0.178","0.074",21,91,116,"0.983","18.135","59.576","78.464",90,60,70,46,62,45,60,68,34,45,41,42,39,64,39,35,0,29,0,19,26,25,5986,"301.231",1035,"137.397",4498,"489.956",1488,"188.652",2743,"329.078",3778,"247.681",2146,"188.811",1721,"236.309",425,"103.498","106.086","129.690","23.605","128.870","152.515","95.474","69.377","78.443",19,21,15,19,0,0,27,12,34,15,2185,1529,24,46,66,26,40,0.119640021175225,0.127965252255262,0.323569794050343,-0.15892740353172,0.0626262626262626,0.2,0.146551724137931,224,444
"54","0","0.104","0.178","0.083","0.044","0.126","0.195","0.186","0.084",40,117,137,"0.934","21.058","72.407","88.825",96,71,74,63,85,77,84,85,25,77,28,23,35,86,35,26,0,60,56,56,62,60,8930,"385.190",2919,"226.326",4200,"667.575",4730,"284.118",2308,"417.907",5227,"311.581",3618,"255.924",1867,"317.321",1751,"179.397","206.950","221.341","14.391","167.297","217.594","148.809","197.206","115.341",38,39,15,12,1,0,42,27,44,32,666,4620,56,18,77,0,77,0.0401760091830878,0.0620380739081747,-0.0960960960960961,0.0854978354978355,-0.0345786963434022,-0.027027027027027,0.0072992700729927,183,426
"55","1","0.052","0.162","0.189","0.058","0.077","0.209","0.202","0.050",9,92,135,"0.977","-0.573","53.386","87.692",91,55,69,66,58,54,58,58,23,17,20,20,53,58,53,21,0,37,37,38,38,35,6782,"341.147",2174,"186.527",3457,"592.206",3325,"254.162",1450,"358.953",3624,"242.426",3100,"222.225",1984,"290.894",1116,"136.669","154.155","176.055","21.900","139.738","172.664","87.214","86.530","81.915",14,8,12,10,23,23,30,18,28,18,2688,876,16,53,58,38,20,0.11037527593819,0.0508699498672958,0.186755952380952,-0.10958904109589,0.141039236479321,0.217391304347826,0.0888888888888889,143,445
"56","1","0.047","0.123","0.093","0.038","0.136","0.402","0.121","0.039",11,87,126,"0.947","18.351","57.526","82.972",101,66,82,44,46,40,55,58,22,17,28,39,17,47,17,22,0,25,23,27,19,24,5164,"300.409",1511,"193.297",3156,"540.183",2113,"235.050",2135,"394.433",3646,"251.137",1577,"158.326",999,"206.510",578,"96.184","140.307","220.213","79.906","200.610","218.045","108.570","116.922","106.545",15,16,11,10,1,0,23,12,22,12,1731,1856,35,45,59,27,32,0.204607789358201,0.0927575522850504,0.398613518197574,0.0247844827586207,0.0834403080872915,0.170731707317073,0.0952380952380952,236,473
"57","1","0.076","0.179","0.089","0.010","0.057","0.272","0.229","0.087",25,97,128,"0.886","12.382","58.605","130.208",142,56,72,56,46,58,66,61,21,21,26,30,30,49,30,24,0,25,37,40,31,25,5938,"343.284",2019,"190.569",3153,"591.760",2785,"248.476",1783,"223.581",3802,"258.652",2090,"181.740",1349,"242.267",741,"110.527","124.085","178.820","54.735","151.722","169.003","115.307","76.539","98.668",12,9,9,11,0,0,14,5,33,22,972,2772,47,25,61,39,22,0.27695949500263,0.176321993937353,0.819958847736626,0.0854978354978355,0.0870870870870871,0.208333333333333,0.1328125,235,492
"58","0","0.065","0.162","0.076","0.020","0.051","0.356","0.222","0.049",17,150,162,"0.965","12.750","56.729","105.510",129,58,101,61,52,66,65,60,21,23,27,28,49,53,35,23,14,30,43,38,32,27,8634,"395.998",3262,"266.610",4339,"714.442",4295,"318.997",2555,"517.019",5817,"310.409",2765,"205.054",1763,"270.066",1002,"125.012","127.250","215.470","88.220","181.149","218.640","118.587","111.797","114.117",13,15,11,11,14,9,21,10,31,20,2880,2872,49,52,65,38,27,0.324565927454014,0.233263840630067,0.624305555555556,0.0268105849582173,0.0934136891950065,0.227722772277228,0.148148148148148,270,510
"59","1","0.067","0.143","0.086","0.040","0.070","0.330","0.212","0.052",26,145,125,"0.992","10.686","47.992","83.865",101,49,81,44,51,41,49,51,26,15,20,26,33,51,6,24,27,27,26,29,25,25,5455,"302.843",2054,"218.610",3004,"543.477",2451,"241.065",1532,"212.468",3587,"243.640",1817,"169.154",1445,"199.095",372,"79.941","112.690","198.673","85.983","197.923","215.702","117.028","109.365","130.969",13,11,13,13,6,0,24,11,27,14,2052,1479,30,51,51,27,24,0.583774742124338,0.341704857928506,0.953703703703704,0.0493576741041244,0.371949468848694,0.567901234567901,0.312,261,463
"60","1","0.062","0.092","0.052","0.019","0.045","0.477","0.200","0.054",26,172,206,"0.953","17.061","56.054","115.080",164,64,146,60,71,77,91,80,27,28,29,27,63,71,21,25,42,46,49,62,53,44,14658,"515.544",7412,"397.137",6059,"944.053",8599,"428.510",3893,"130.000",11305,"448.007",3282,"230.368",2139,"280.108",1143,"137.740","125.485","222.733","97.248","184.719","218.492","113.615","90.669","89.069",17,13,13,12,12,10,27,14,45,33,7619,3550,48,98,87,56,31,0.264042459088899,0.142379587938327,0.47289670560441,-0.185070422535211,0.163268556865244,0.301369863013699,0.16504854368932,330,641
"61","0","0.025","0.169","0.247","0.056","0.140","0.218","0.120","0.024",16,62,104,"0.904","4.304","57.023","57.574",54,46,46,58,38,34,45,43,11,13,20,19,33,40,16,11,17,29,21,25,24,27,3484,"257.045",920,"138.811",2011,"421.927",1474,"188.752",787,"232.794",1708,"161.054",1738,"179.054",1211,"225.823",527,"100.770","176.563","228.373","51.809","196.588","219.679","129.703","97.636","122.096",12,8,9,0,6,12,24,15,14,14,854,804,20,26,45,26,19,0.467798594847775,0.262629161882893,0.793911007025761,0.130597014925373,0.162640901771337,0.347826086956522,0.221153846153846,231,517
"62","0","0.036","0.267","0.191","0.054","0.073","0.284","0.086","0.009",24,142,159,"0.895","10.485","53.294","106.387",104,57,83,76,45,38,42,41,22,25,29,27,37,43,22,22,15,21,13,13,14,23,7141,"384.142",1117,"201.882",4847,"673.049",2294,"289.500",2093,"400.451",3210,"244.569",3886,"242.510",2732,"340.978",1154,"144.468","169.557","236.482","66.924","214.067","195.686","147.429","163.205","151.693",18,6,13,11,18,5,28,15,17,6,2266,901,23,60,42,16,26,0.148286604361371,0.131354152079541,0.342453662842012,-0.321864594894562,0.0885153517294986,0.289156626506024,0.220125786163522,177,507
"63","1","0.075","0.187","0.121","0.043","0.066","0.276","0.176","0.055",7,104,122,"0.993","10.044","47.239","85.277",93,47,72,50,49,33,46,49,26,19,22,24,27,49,16,25,11,24,14,24,25,24,5072,"291.963",1349,"171.598",2986,"518.545",2020,"227.617",1494,"344.066",2843,"218.468",2114,"179.983",1466,"239.338",648,"105.355","125.557","202.650","77.093","178.541","212.565","128.901","129.652","120.469",13,10,13,11,8,8,22,9,26,15,1863,930,20,52,49,25,24,0.15617305663032,0.158320189274448,0.30703166935051,-0.129032258064516,0.0890083632019116,0.305555555555556,0.237704918032787,555,551
"64","1","0.068","0.179","0.123","0.021","0.053","0.195","0.277","0.084",7,85,140,"0.952","0.028","52.764","127.191",137,48,78,62,53,0,0,0,22,19,19,20,0,0,29,21,6,32,-19,-19,-20,28,6165,"333.380",2199,"194.711",3180,"581.309",2985,"247.929",1568,"377.321",3643,"102",6165,"333.380",1590,"263.823",872,"119.941","180.574","216.701","36.127","181.780","207.588","139.625","110.827","104.719",12,11,11,11,13,15,20,9,33,22,3643,0,1,77,53,31,22,0.765577820477628,0.474128142741281,0.767224814713149,NA,0.415154134255258,0.628205128205128,0.364285714285714,195,450
"65","0","0.057","0.157","0.106","0.032","0.062","0.389","0.145","0.052",40,193,165,"0.972","16.192","62.591","99.708",119,68,100,65,59,52,64,64,30,26,29,30,39,59,18,29,21,30,26,35,34,29,8648,"396.337",2890,"259.238",5000,"694.578",3648,"298.637",2682,"512.860",5572,"311.622",3017,"219.054",2288,"269.581",729,"108.527","130.916","216.398","85.482","173.829","209.942","114.165","154.268","119.037",15,13,13,15,10,10,25,12,32,17,3737,1770,30,70,65,36,29,0.613962670495334,0.291049953746531,0.953170992774953,-0.0903954802259887,0.464864864864865,0.64,0.327272727272727,300,609
"66","1","0.064","0.213","0.166","0.042","0.106","0.205","0.140","0.066",-10,33,96,"0.955","12.146","52.821","65.305",64,54,43,53,44,47,49,48,19,45,21,20,47,45,47,19,0,26,2,28,28,25,3642,"248.588",801,"117.841",2060,"433.881",1582,"185.439",1055,"241.581",1905,"173.740",1742,"168.912",986,"232.752",756,"113.841","203.209","224.093","20.884","200.641","233.214","65.271","97.863","101.617",9,10,9,10,15,-1,20,11,23,13,1797,163,3,40,45,26,19,0.712335958005249,0.338550247116969,0.747913188647746,0.429447852760736,0.451010293556996,0.651162790697674,0.364583333333333,257,475
"67","0","0.106","0.246","0.065","0.028","0.075","0.234","0.169","0.076",23,122,193,"0.937","16.553","72.873","168.352",174,67,99,94,90,66,77,88,29,32,35,18,51,90,46,26,5,64,34,42,70,61,13141,"484.754",4493,"304.208",5856,"890.400",7285,"405.647",2738,"535.789",7231,"354.995",5820,"324.794",3089,"422.475",2731,"219.681","130.211","195.121","64.911","169.164","166.596","89.527","103.830","81.984",14,8,17,11,1,9,39,22,51,40,3862,3283,38,61,83,61,22,0.389572673212557,0.163990563884027,0.695753495598136,0.0365519342065184,0.232386363636364,0.363636363636364,0.170984455958549,352,673
"68","1","0.057","0.210","0.215","0.054","0.055","0.217","0.150","0.042",33,145,132,"0.990","3.192","46.576","89.494",87,48,66,66,50,34,39,44,23,23,27,25,34,49,25,24,0,22,11,12,19,27,5582,"319.900",883,"122.426",3489,"553.462",2093,"234.422",1684,"319.782",2568,"214.770",2965,"211.740",1782,"291.581",1183,"123.841","161.676","237.226","75.550","166.435","215.496","111.342","119.624","88.909",13,15,10,13,16,12,24,14,25,12,1553,969,22,44,43,17,26,0.3851246105919,0.354353278394841,0.734063103670315,-0.152734778121775,0.162790697674419,0.454545454545455,0.348484848484849,196,444
"69","1","0.094","0.140","0.055","0.019","0.084","0.282","0.219","0.107",22,93,115,"0.954","21.533","65.079","84.659",100,63,71,44,55,55,72,66,23,25,33,30,38,56,32,23,6,33,30,39,36,32,5866,"305.138",2092,"202.167",3071,"541.889",2795,"237.484",1927,"386.475",4019,"253.137",1792,"170.569",1121,"209.581",671,"103.012","124.293","184.765","60.472","147.828","185.329","111.572","98.005","88.609",11,22,8,14,13,23,17,9,38,24,1290,2660,41,30,70,36,34,0.0574769843244588,0.0874531196726901,0.133333333333333,0.0214285714285714,-0.0142161379491904,0.0563380281690141,0.0695652173913043,206,417
"70","1","0.056","0.095","0.062","0.026","0.052","0.487","0.168","0.054",-11,131,162,"0.979","15.226","60.524","102.529",139,81,118,44,54,48,55,56,24,18,23,23,40,54,17,31,23,23,30,32,33,29,7909,"389.095",3540,"402.593",3778,"708.716",4131,"346.936",2456,"552.818",5925,"517.362",7853,"517.362",1295,"211.924",539,"402.593","81.945","196.607","114.663","178.307","206.709","79.394","91.350","123.660",15,9,11,15,12,5,22,11,34,19,2458,3468,63,55,55,32,23,0.234936708860759,0.156024781894045,0.614727420667209,-0.0187427912341407,0.111084014144617,0.23728813559322,0.141975308641975,220,425
"71","0","0.070","0.142","0.069","0.039","0.126","0.291","0.186","0.076",7,80,122,"0.987","18.049","60.741","79.334",94,63,73,49,64,55,68,72,35,16,26,29,40,67,16,40,24,27,39,42,43,33,6440,"311.559",2569,"203.338",3102,"563.472",3338,"251.913",1768,"399.262",4337,"253.924",2039,"191.539",1299,"242.794",740,"109.255","117.614","233.178","115.564","185.710","217.596","130.333","191.388","118.538",13,12,19,17,11,5,32,13,33,16,2634,1628,24,49,73,47,26,0.0486511413419414,0.0312111801242236,0.082004555808656,-0.00368550368550369,0.000117082308863155,0.0410958904109589,0.040983606557377,194,445
"72","0","0.043","0.215","0.116","0.022","0.065","0.394","0.116","0.029",8,113,191,"0.896","15.670","70.141","152.003",167,77,105,86,54,69,65,60,29,30,28,33,62,55,62,29,0,26,39,37,27,28,10628,"477.359",2897,"256.267",6427,"826.687",4201,"349.328",3484,"546.475",6381,"340.208",4193,"267.924",2914,"376.735",1279,"158.811","154.016","182.115","28.099","161.090","169.612","143.265","80.745","71.290",16,15,11,18,62,62,26,15,29,11,5165,1148,21,84,60,28,32,0.0672308415608839,0.144617990214528,0.0234269119070668,0.248257839721254,-0.14724025974026,-0.0571428571428571,0.0785340314136126,270,628
"73","0","0.044","0.179","0.098","0.066","0.180","0.388","0.029","0.015",14,125,185,"0.929","21.949","65.022","112.760",130,82,111,74,76,49,67,65,43,27,40,38,39,77,24,32,15,45,22,27,27,36,10721,"463.094",3614,"582.617",5795,"831.418",4926,"368.323",2907,"290.166",6521,"358.451",4124,"272.108",2845,"153.539",1279,"357.647","6.607","15.496","8.889","12.642","13.086","7.791","10.822","10.475",16,11,20,19,8,8,51,29,25,6,3170,3275,48,63,69,43,26,0.397485048305475,0.297267045984516,0.83217665615142,-0.0222900763358779,0.179292929292929,0.414414414414414,0.286486486486487,272,586
"74","1","0.057","0.134","0.129","0.039","0.093","0.310","0.177","0.061",25,120,166,"0.957","12.297","67.590","155.435",173,73,95,71,71,74,87,83,31,31,43,39,66,73,22,33,44,40,43,44,44,40,11466,"438.128",3967,"281.338",5829,"775.921",5638,"363.907",3344,"485.363",7311,"341.681",4084,"255.196",2453,"334.007",1631,"158.811","114.599","171.026","56.427","136.799","146.905","80.289","108.436","84.436",18,17,10,19,12,6,32,22,38,19,4495,2973,39,58,85,47,38,-0.013267678840104,0.010989010989011,0.204004449388209,-0.254961318533468,-0.0225341130604288,0.168421052631579,0.186746987951807,316,729
"75","1","0.070","0.137","0.131","0.061","0.141","0.240","0.148","0.072",29,113,151,"0.965","18.342","75.768","97.448",107,82,84,67,83,79,92,94,40,52,36,38,22,86,16,41,6,45,27,56,56,43,10786,"408.076",3474,"245.823",6054,"699.248",4732,"292.134",2958,"484.475",6432,"326.652",4271,"261.439",3056,"316.836",1215,"141.397","184.192","226.587","42.396","192.709","230.652","136.370","173.109","127.315",16,22,19,22,11,7,41,22,43,21,3683,2657,30,54,94,58,36,0.117692786069652,0.0391247913962544,0.230790116752647,-0.0331200602182913,0.12687074829932,0.19047619047619,0.0728476821192053,336,623
"76","0","0.007","0.117","0.285","0.054","0.131","0.344","0.055","0.007",9,86,155,"0.902","6.177","54.768","101.717",104,69,77,78,43,49,50,50,15,18,20,23,44,43,18,15,26,28,31,30,27,28,6647,"375.695",2086,"205.255",3415,"657.600",3232,"281.905",1457,"387.966",3543,"240.711",3061,"232.510",1943,"313.279",1118,"136.770","96.244","189.453","93.209","170.816","193.732","85.231","94.063","105.962",14,9,9,6,11,6,31,22,12,6,2406,1081,24,53,51,27,24,0.116285633643805,0.0574695351286295,0.273482959268495,-0.223866790009251,-0.0288600288600288,0.103896103896104,0.129032258064516,234,489
"77","0","0.058","0.140","0.090","0.025","0.071","0.346","0.223","0.047",7,145,149,"0.967","9.920","73.654","128.028",150,76,90,59,52,0,0,0,28,19,23,28,0,0,20,31,36,26,-19,-23,-28,24,7633,"373.987",2897,"242.225",3822,"673.966",3811,"299.979",2308,"481.279",5205,"130",7633,"373.987",1486,"265.037",887,"118.912","82.886","190.554","107.668","138.048","173.030","73.382","132.372","111.812",10,11,12,15,10,10,24,12,30,15,1985,3153,54,36,61,39,22,0.0332372718539866,0.0644569631861653,-0.0261964735516373,0.0707262924199175,-0.0684791174152877,-0.0111111111111111,0.0536912751677852,185,431
"78","0","0.049",NA,"0.070","0.016","0.167","0.384","0.119","0.049",21,98,125,"0.924","27.680","62.078","77.554",96,72,77,48,42,47,65,71,13,29,35,42,39,49,28,21,11,28,18,30,29,29,6058,"336.258",1678,"232.350",3421,"596.379",2637,"298.291",2646,"391.830",4324,"260.309",1692,"161.841",735,"23.899",930,"118.184","143.791","227.831","84.040","154.757","166.709","132.654","147.654","75.439",0,37,7,8,0,28,17,10,26,18,1153,3116,49,28,56,19,37,0.493293246993525,0.0736216573126444,1,0.296854942233633,0.39313023425173,0.480519480519481,0.144,265,475
"79","1","0.061","0.161","0.197","0.048","0.070","0.229","0.172","0.063",43,105,117,"0.975","1.549","46.851","81.683",84,48,62,55,47,31,47,50,28,24,21,25,25,47,25,26,0,21,7,26,25,19,4620,"277.843",994,"133.154",3046,"468.808",1574,"191.439",1445,"290.936",2439,"197.782",2134,"181.740",1573,"236.267",561,"92.527","179.936","232.949","53.012","197.001","239.739","161.491","113.291","164.546",12,12,10,16,-1,0,20,10,26,10,1613,777,17,45,49,25,24,-0.353833538335383,-0.202380952380952,-0.489150650960942,-0.0875160875160875,-0.105720766129032,-0.209677419354839,-0.094017094017094,210,473
"80","1","0.068","0.154","0.116","0.060","0.113","0.263","0.167","0.059",2,85,117,"0.990","13.392","57.053","78.091",87,60,66,51,57,0,0,0,32,22,34,32,0,0,21,31,24,30,-22,-34,-32,29,6281,"304.943",1807,"185.054",3634,"552.113",2647,"247.671",1939,"363.764",3746,"112",6281,"304.943",1664,"265.865",811,"126.811","125.356","155.679","30.324","143.646","170.680","98.082","105.654","89.263",10,20,12,17,7,11,30,18,29,12,1007,2676,43,23,60,28,32,0.41350774159103,0.206018149976118,1,0.178998505231689,0.273181818181818,0.378787878787879,0.145299145299145,225,450
"81","0","0.031","0.252","0.200","0.155","0.126","0.209","0.023","0.005",46,148,149,"0.931","17.858","64.662","108.004",97,75,76,73,63,27,41,50,27,16,20,23,20,60,12,25,8,35,11,21,27,40,8013,"378.397",1451,"192.811",4093,"689.379",3920,"311.539",1431,"362.250",2882,"239.439",5068,"279.279",2635,"407.345",2433,"200.066","131.882","221.739","89.857","197.100","188.937","148.711","130.109","189.405",13,7,15,12,9,3,51,36,11,0,1047,1793,36,40,43,22,21,-0.350798056904927,0.161237988269063,-0.344794651384909,-0.350808700501952,-0.163564398801883,0.0394736842105263,0.174496644295302,275,554
"82","0","0.063","0.126","0.064","0.014","0.022","0.412","0.249","0.051",20,120,152,"0.940","13.084","72.152","69.331",101,74,100,52,48,62,63,53,23,30,30,29,56,46,21,22,35,24,32,33,24,22,7733,"387.436",2961,"280.752",4157,"703.041",3576,"315.605",2677,"545.848",5638,"315.096",2047,"176.811",1457,"222.652",590,"95.841","181.423","227.134","45.711","181.364","187.597","120.236","138.189","118.714",14,14,7,15,10,10,14,7,33,18,1675,3854,70,30,62,35,27,0.200603050727208,0.117677486098539,0.611940298507463,0.0129735339906591,0.0433566433566434,0.1,0.0592105263157895,229,480
"83","1","0.100","0.171","0.085","0.023","0.060","0.245","0.210","0.106",25,98,129,"0.964","13.507","64.878","82.328",93,60,73,56,60,56,76,67,21,30,40,30,38,61,34,22,4,39,26,36,37,42,7084,"330.092",2063,"199.095",3981,"569.167",3103,"239.525",2299,"378.818",4362,"257.723",2662,"204.225",1661,"251.723",1001,"123.498","175.081","233.400","58.319","184.523","216.119","139.506","129.555","171.754",21,18,9,12,9,22,19,10,41,29,2054,2229,34,39,76,37,39,0.174690508940853,0.159090909090909,0.184518013631938,0.16509645580978,-0.0157480314960629,0,0.0155038759689922,192,187
"84","1","0.082","0.173","0.085","0.026","0.042","0.317","0.198","0.077",22,95,124,"0.942","14.342","60.248","81.163",94,59,75,49,49,44,51,50,22,44,51,27,28,49,28,22,0,27,0,0,23,27,5196,"317.628",646,"105.255",3923,"469.731",1273,"154.368",2617,"306.149",3263,"254.894",1884,"171.740",1284,"216.510",600,"98.770","117.015","200.123","83.109","165.625","183.053","89.493","86.957","78.678",28,16,9,13,0,0,18,9,31,18,1819,1391,29,46,51,8,43,0.169782408826234,0.0775596612779061,0.232545354590434,0.0891445003594536,0.0590785907859079,0.0666666666666667,0.00806451612903226,234,500
"85","1","0.061","0.127","0.057","0.019","0.094","0.382","0.183","0.076",-27,105,142,"0.950","21.940","71.217","130.300",155,76,88,54,56,68,75,76,19,20,26,32,60,59,19,21,41,38,48,49,44,37,8212,"731.877",3748,"266.652",3558,"677.689",4654,"302.424",2249,"505.103",5997,"312.451",2159,"190.468",1290,"239.480",869,"121.012","92.249","183.478","91.229","156.506","168.819","83.358","94.689","81.784",10,15,6,12,12,6,20,14,36,24,3322,2593,37,51,79,52,27,0.390695347673837,0.289819775937652,0.639072847682119,0.0771307365985345,0.0974576271186441,0.25,0.169014084507042,236,512
"86","0","0.098","0.170","0.077","0.017","0.079","0.315","0.163","0.082",7,71,109,"0.960","20.821","56.402","72.987",84,56,64,45,46,44,55,57,22,21,26,29,38,47,20,22,18,25,23,29,28,24,4817,"282.667",1462,"172.853",2716,"506.640",2101,"223.965",1582,"345.848",3044,"220.995",1727,"162.083",1112,"209.439",615,"95.355","122.065","173.750","51.685","136.998","193.166","61.922","72.162","63.114",13,14,9,13,8,12,14,5,32,19,2340,649,14,50,56,27,29,0.114323258869908,0.114178949553664,0.157264957264957,-0.0261941448382126,0.00940688775510213,0.109375,0.100917431192661,221,450
"87","1","0.129","0.207","0.075","0.024","0.102","0.227","0.117","0.118",51,111,114,"0.950","30.366","67.576","78.569",82,64,60,54,61,37,74,70,26,21,42,45,28,63,18,29,10,34,16,32,25,35,5819,"309.447",1316,"184.066",3704,"541.545",2115,"232.007",1934,"357.889",3250,"241.823",2508,"199.640",1744,"242.995",764,"111.355","150.758","211.443","60.685","169.403","196.867","96.567","109.460","104.701",9,12,14,14,10,9,20,6,41,27,366,2846,44,16,39,17,22,0.156307692307692,0.112390445093659,0.833333333333333,0.0678144764581869,0.069,0.183333333333333,0.12280701754386,216,444
"88","0","0.054","0.177","0.164","0.063","0.096","0.205","0.180","0.060",17,108,137,"0.993","3.294","55.335","84.997",88,57,71,66,63,41,58,65,23,18,26,23,33,64,16,24,17,40,23,32,42,40,6840,"327.215",2100,"195.983",3162,"612.812",3678,"291.806",1084,"356.007",3670,"240.024",3107,"224.953",1566,"305.380",1538,"158.426","113.298","221.468","108.170","169.549","219.664","106.746","174.755","136.667",14,11,12,10,8,8,34,22,28,18,2178,1420,23,48,65,40,25,0.297275204359673,0.21827485380117,0.421946740128558,0.111267605633803,0.112052848061822,0.267605633802817,0.175182481751825,192,187
"89","1","0.074","0.256","0.173","0.042","0.067","0.262","0.087","0.039",24,143,140,"0.985","13.357","48.186","101.934",99,49,77,63,47,19,34,44,19,19,20,21,14,48,14,21,0,27,0,14,23,30,5410,"328.850",938,"140.912",3165,"565.886",2245,"236.995",1502,"310.936",2440,"224.024",2923,"210.225",1644,"299.723",1279,"147.498","133.071","171.008","37.937","148.462","138.336","69.483","76.775","74.673",9,11,8,12,0,1,23,15,25,13,908,1492,35,42,37,15,22,0.085655737704918,0.212199630314233,0.356828193832599,-0.0757372654155496,0.0363636363636364,0.311688311688312,0.285714285714286,192,187
"90","1","0.098","0.248","0.067","0.064","0.090","0.196","0.178","0.058",20,86,131,"0.942","18.666","61.402","85.419",87,58,66,65,66,59,62,64,23,26,28,20,51,65,51,22,0,43,33,34,44,43,7056,"346.707",1997,"190.225",3598,"625.163",3458,"279.179",1657,"349.137",3654,"244.912",3336,"246.167",1918,"330.777",1418,"170.610","149.528","217.204","67.676","155.938","201.598","92.234","118.385","113.886",9,11,10,11,-1,0,34,24,30,19,2488,1100,18,48,64,43,21,-0.143130815544609,0.15391156462585,-0.190916398713826,-0.0363636363636364,-0.233824733824734,-0.0454545454545455,0.152671755725191,207,452
"91","0","0.071","0.138","0.073","0.022","0.080","0.308","0.253","0.055",51,130,130,"0.951","9.782","58.327","82.435",102,58,82,48,49,53,62,61,29,27,29,40,37,51,25,30,12,21,26,33,21,23,6273,"426.533",1870,"194.125",3759,"573.575",2514,"249.441",2462,"411.806",4332,"255.681",1892,"173.983",1268,"235.480",624,"99.498","124.294","234.306","110.012","116.626","218.946","116.415","145.020","152.436",16,13,12,19,15,15,19,7,32,13,2433,1811,31,48,61,31,30,-0.0812557710064635,-0.0483022477283596,-0.163173037402384,0.00773053561568194,-0.0440214158239144,0.0121951219512195,0.0538461538461538,209,468
"92","0","0.096","0.162","0.064","0.020","0.090","0.323","0.152","0.094",9,43,114,"0.976","24.294","57.927","75.752",88,58,68,46,53,41,58,63,18,17,18,24,33,55,17,19,16,36,24,40,39,35,5195,"292.968",2130,"204.167",2310,"535.410",2885,"242.442",1254,"367.404",3384,"233.238",1758,"169.397",1038,"211.238",720,"111.841","94.794","173.523","78.729","145.430","168.258","81.095","82.924","87.969",12,8,9,10,8,6,19,10,34,24,1626,1697,29,39,61,38,23,-0.189716312056738,-0.0452358036573628,-0.188191881918819,-0.187389510901591,-0.0941176470588236,0.0882352941176471,0.166666666666667,216,462
"93","0","0.054","0.158","0.127","0.026","0.030","0.296","0.269","0.040",-4,143,145,"0.946","3.159","49.845","127.119",151,51,94,51,43,49,47,43,21,22,23,21,46,43,19,21,27,22,27,24,22,22,6246,"351.946",2136,"232.669",3524,"629.426",2722,"277.996",2059,"460.752",4195,"272.083",2008,"171.841",1444,"222.125",564,"94.284","117.170","167.504","50.334","151.989","180.819","116.812","126.759","87.048",10,11,9,12,12,5,19,10,23,11,2553,1594,38,56,45,22,23,0.0941597139451728,0.058277297470381,0.334900117508813,-0.286072772898369,0.0479554521276595,0.159574468085106,0.117241379310345,205,442
"94","0","0.056","0.234","0.107","0.022","0.075","0.347","0.124","0.034",19,83,120,"0.917","16.014","55.360","77.464",84,58,64,56,38,43,44,40,23,31,29,28,39,38,25,25,14,13,12,15,12,15,4345,"296.733",785,"155.882",3130,"517.571",1215,"221.581",1716,"336.250",2501,"210.368",1806,"174.569",1391,"234.510",415,"89.941","141.797","179.845","38.048","147.593","162.547","101.475","77.608","85.766",13,14,10,14,10,16,17,7,20,6,1906,549,15,49,41,12,29,0.540983606557377,0.367548906789413,0.698321091290661,0.0236794171220401,0.15948275862069,0.390625,0.275,242,471
"95","0","0.113","0.151","0.044","0.019","0.094","0.360","0.145","0.074",3,94,146,"0.973","27.656","66.403","97.823",117,68,91,55,68,57,71,75,21,10,21,23,45,69,11,20,34,49,47,50,52,47,8630,"383.753",4118,"284.693",3051,"711.532",5579,"327.780",1643,"505.529",5761,"316.836",2801,"215.439",1387,"272.250",1414,"150.811","90.246","170.467","80.221","145.121","165.700","70.422","73.136","78.275",9,15,10,10,9,5,25,15,43,33,2662,3019,42,49,74,50,24,0.319736156917202,0.212514484356895,0.610818933132983,0.0655846306724081,0.121402407116693,0.241758241758242,0.136986301369863,262,482
"96","0","0.069","0.271","0.088","0.022","0.083","0.287","0.147","0.033",21,88,123,"0.937","14.907","49.706","87.117",91,49,67,56,38,31,39,44,19,17,20,22,25,39,9,21,16,18,14,19,22,19,4265,"289.935",1094,"158.669",2454,"501.349",1811,"228.191",1233,"318.794",2327,"198.125",1900,"178.468",1202,"251.965",698,"113.498","100.346","169.058","68.712","163.377","167.431","102.474","74.604","84.538",11,8,10,9,5,4,18,8,20,11,2244,0,2,65,40,19,21,0.279759346798453,0.211488862837046,0.277629233511586,NA,0.188373919874313,0.373134328358209,0.227642276422764,225,455
"97","0","0.015","0.125","0.161","0.047","0.120","0.375","0.140","0.017",27,117,158,"0.949","6.525","57.045","99.406",116,67,90,68,49,45,56,57,22,10,19,24,44,50,15,22,29,28,35,37,33,27,6978,"376.640",2769,"238.125",3312,"674.186",3666,"297.545",1752,"457.563",4521,"275.439",2408,"208.225",1538,"278.652",870,"124.426","96.445","167.865","71.420","124.026","146.911","102.813","81.455","84.351",11,13,13,10,7,9,33,20,17,7,3000,1461,28,62,57,33,24,0.238221632382216,0.139581541989109,0.376333333333333,-0.0376454483230664,0.0705882352941177,0.2,0.139240506329114,202,467
"98","1","0.086","0.217","0.086","0.038","0.150","0.205","0.145","0.073",27,82,111,"0.940","22.175","67.611","119.266",122,68,55,56,59,55,65,68,22,36,28,23,38,61,26,22,12,39,19,37,45,37,5197,"294.394",1663,"170.510",2412,"524.636",2785,"230.243",1280,"315.706",2943,"219.196",2195,"200.125",1110,"264.693",1085,"136.569","152.878","221.191","68.313","132.318","223.573","113.201","145.043","149.259",12,20,13,10,6,15,29,16,31,21,425,2460,39,16,58,23,35,-0.148487937478763,-0.114489128343275,-1.25176470588235,0.0390243902439024,-0.070513833992095,-0.109090909090909,-0.036036036036036,261,498
"99","0","0.075","0.128","0.106","0.085","0.141","0.230","0.157","0.079",27,86,106,"0.997","18.676","62.865","67.760",76,67,59,47,73,67,73,72,29,36,48,32,59,74,42,28,17,46,31,25,40,47,6446,"297.486",1749,"197.782",3675,"540.413",2771,"243.279",2117,"354.836",3866,"247.054",2507,"206.368",1529,"246.693",978,"130.326","111.530","199.733","88.203","180.853","213.105","111.536","112.282","77.591",15,18,12,16,9,34,39,27,34,18,2624,1170,17,42,72,40,32,0.298241076047594,0.235805150480918,0.358231707317073,0.171794871794872,0.0455508474576271,0.135593220338983,0.0943396226415094,296,577
"100","0","0.085","0.084","0.030","0.013","0.066","0.377","0.261","0.084",15,128,133,"0.985","19.522","64.733","84.080",115,65,95,38,59,63,72,69,24,23,34,36,50,60,29,24,21,36,40,38,33,35,7605,"345.287",3236,"268.309",3674,"638.724",3931,"293.998",2708,"511.203",5944,"312.894",1602,"164.811",942,"200.167",660,"103.355","121.718","146.166","24.447","137.080","156.048","44.718","46.028","54.863",13,23,10,15,1,0,19,9,40,25,3887,1981,31,64,71,35,36,0.248317631224764,0.129125575279421,0.409055827116028,-0.0590610802624937,0.140350877192982,0.263157894736842,0.142857142857143,235,502
"101","0","0.046","0.182","0.094","0.039","0.061","0.257","0.278","0.043",9,124,147,"0.904","2.519","50.807","98.662",115,49,89,58,50,48,51,52,22,30,33,23,42,51,42,22,0,29,18,18,29,28,6489,"364.395",1644,"203.640",4129,"617.937",2364,"261.238",2477,"421.865",4117,"279.054",2322,"194.953",1630,"249.380",692,"110.426","138.670","181.458","42.788","149.487","163.537","115.445","94.389","103.139",19,14,12,9,23,19,26,14,24,15,2251,1810,36,53,51,18,33,0.170755404420695,0.125905378332563,0.351843625055531,-0.0502762430939227,0.0542769119246103,0.202247191011236,0.156462585034014,237,458
"102","0","0.076","0.214","0.165","0.046","0.067","0.211","0.148","0.072",31,79,114,"1.000","7.426","47.949","77.854",77,47,57,57,51,35,45,51,30,22,28,33,30,51,24,29,6,22,13,17,18,25,4698,"273.554",827,"133.012",3134,"468.683",1564,"195.569",1491,"283.238",2318,"192.225",2329,"190.569",1613,"257.096",716,"108.527","130.681","166.991","36.310","133.225","145.678","128.476","100.529","124.826",13,15,16,15,9,11,23,8,28,13,778,1496,31,26,44,17,27,-0.462899050905953,-0.100681140911026,-1.26349614395887,-0.054144385026738,-0.272727272727273,-0.350877192982456,-0.0614035087719298,248,482
"103","0","0.038","0.164","0.093","0.027","0.079","0.305","0.256","0.038",10,98,150,"0.919","5.635","59.578","91.675",111,61,88,62,47,62,64,60,21,23,27,32,55,48,55,21,0,27,39,37,28,26,7238,"376.450",2397,"215.882",4021,"654.262",3217,"278.561",2486,"449.664",4883,"285.782",2308,"195.154",1514,"264.995",794,"121.841","146.990","176.174","29.184","149.394","174.329","112.016","91.874","82.211",14,9,9,13,0,0,23,14,24,11,1235,3578,61,27,62,41,21,0.111406921974196,0.0589941972920696,0.376518218623482,0.0181665735047513,0.0702479338842976,0.113636363636364,0.0466666666666667,209,440
"104","1","0.106","0.190","0.052","0.018","0.082","0.264","0.192","0.094",8,64,103,"0.984","22.320","58.133","67.116",76,55,56,47,49,56,61,58,17,24,23,21,50,51,23,18,27,33,32,38,37,32,4763,"274.576",1764,"176.468",2058,"508.455",2705,"234.367",1217,"320.350",2981,"211.882",1733,"168.811",824,"230.309",909,"121.498","130.835","211.421","80.586","195.993","216.030","91.529","198.329","115.357",9,13,5,11,10,12,18,13,32,21,1015,1903,34,22,61,38,23,-0.0177792687017779,-0.100146966197775,0.176354679802956,-0.121387283236994,0.0535714285714285,0.0535714285714286,0,253,492
"105","1","0.056","0.174","0.152","0.067","0.084","0.234","0.177","0.056",18,114,141,"0.976","4.428","52.910","89.597",95,55,75,66,63,47,50,61,21,16,17,22,38,63,17,21,21,42,31,33,39,42,6847,"357.050",2350,"209.397",3134,"604.905",3713,"267.599",1387,"374.108",3737,"248.711",3047,"221.196",1726,"286.936",1321,"147.740","72.078","244.886","172.808","179.640","227.726","78.640","111.006","124.582",13,12,12,9,12,6,34,22,29,20,2914,760,13,59,63,40,23,0.49023280706449,0.217759602745728,0.611873713109128,0.0592105263157895,0.280695652173913,0.413333333333333,0.184397163120567,219,455
"106","1","0.050","0.257","0.195","0.037","0.119","0.283","0.034","0.025",24,88,128,"0.928","18.388","52.253","89.818",86,58,64,64,41,26,35,40,15,15,14,19,22,42,12,17,10,25,11,21,21,29,4511,"306.045",1054,"165.439",2598,"542.232",1913,"236.827",1009,"315.948",2063,"200.510",2407,"194.811",1574,"270.066",833,"127.255","390.561","718.223","327.662","480.026","370.056","439.108","361.804","377.441",11,4,10,7,9,5,22,15,19,10,966,1057,27,37,38,22,16,0.698982064953951,0.443582354245178,1,0.412488174077578,0.375,0.609375,0.375,212,480
"107","1","0.104","0.241","0.136","0.060","0.091","0.224","0.080","0.063",5,69,112,"0.969","18.281","49.405","85.623",83,49,60,52,55,17,30,47,23,17,17,23,14,55,14,23,0,32,0,13,24,36,4171,"269.498",791,"127.983",2482,"458.590",1689,"189.823",1094,"263.179",1885,"199.196",2231,"187.054",1365,"243.137",866,"122.083","150.544","211.561","61.017","218.722","214.889","93.653","93.124","86.350",9,12,10,13,0,0,26,16,30,17,1555,273,6,54,54,31,23,-0.147480106100796,-0.0100695276912012,-0.17427652733119,-0.0183150183150183,-0.0446483180428134,-0.0166666666666667,0.0267857142857143,237,490
"108","1","0.074","0.219","0.138","0.027","0.043","0.295","0.150","0.054",39,181,140,"0.952","8.277","42.922","98.426",105,42,83,57,45,24,31,39,25,17,19,21,20,44,20,26,0,18,7,12,18,20,4716,"316.133",937,"171.841",3008,"555.208",1708,"239.623",1596,"366.066",2533,"232.225",2138,"180.912",1387,"251.924",751,"111.012","129.280","171.587","42.307","165.825","161.677","89.427","95.506","123.139",10,10,11,12,0,1,17,6,26,14,1279,1218,31,52,35,14,21,0.783260955388867,0.362595419847328,1,0.549261083743842,0.609168380840435,0.771084337349398,0.414285714285714,207,442
"109","0","0.073","0.208","0.085","0.025","0.050","0.290","0.211","0.059",17,177,164,"0.984","11.562","61.213","130.680",145,59,92,72,58,58,61,64,24,20,23,28,54,60,15,25,39,35,38,38,36,34,8942,"405.152",3319,"261.640",4054,"746.677",4888,"341.525",2093,"490.936",5412,"301.296",3472,"233.782",1937,"326.693",1535,"160.912","84.299","183.028","98.729","163.266","194.820","91.098","109.901","119.680",14,13,10,12,9,7,22,12,35,23,3866,1482,25,67,63,36,27,0.464338507021434,0.296801610377992,0.650543197102949,0.00134952766531714,0.250172532781228,0.423913043478261,0.231707317073171,227,518
"110","0","0.055","0.120","0.095","0.032","0.121","0.336","0.189","0.051",19,100,134,"0.935","18.183","76.335","92.133",112,83,81,53,58,75,80,67,24,36,38,30,66,59,49,25,17,34,39,42,37,34,7817,"364.521",2773,"232.167",4027,"642.964",3790,"278.444",2633,"459.647",5406,"297.480",2353,"195.054",1370,"252.551",983,"125.498","153.922","183.488","29.566","145.837","169.142","119.266","167.940","96.765",16,17,12,10,0,22,27,15,30,20,3075,2250,35,46,76,41,35,0.0610432852386237,0.0890367148522451,-0.0526829268292683,0.209333333333333,-0.0711430855315748,-0.111111111111111,-0.0373134328358209,185,431
